NumberAnchors 40 NumberNodes 20
0 11.5523 -29.0183 0 -47.8023 -69.3798 5152.02
0 11.5523 -29.0183 1 -94.3806 -46.2745 11519.6
0 11.5523 -29.0183 2 53.1013 42.3615 6821.39
0 11.5523 -29.0183 3 61.3862 -23.2439 2516.76
0 11.5523 -29.0183 4 -16.6035 -14.9893 989.567
0 11.5523 -29.0183 5 -31.1059 39.6962 6541.42
0 11.5523 -29.0183 6 21.2703 98.4995 16355.2
0 11.5523 -29.0183 7 -30.1116 -6.59825 2238.54
0 11.5523 -29.0183 8 -75.6969 -65.812 8966.19
0 11.5523 -29.0183 9 34.4809 -69.8783 2195.26
0 11.5523 -29.0183 10 42.5263 70.0142 10766.8
0 11.5523 -29.0183 11 -42.41 89.6216 16987.4
0 11.5523 -29.0183 12 -78.7663 78.6736 19755
0 11.5523 -29.0183 13 30.6963 88.5948 14199.3
0 11.5523 -29.0183 14 35.6152 -65.2589 1892.4
0 11.5523 -29.0183 15 -77.1653 70.7989 17834.3
0 11.5523 -29.0183 16 27.0139 47.9341 6160.74
0 11.5523 -29.0183 17 87.2294 59.373 13540
0 11.5523 -29.0183 18 52.5157 72.5202 11988.1
0 11.5523 -29.0183 19 63.4564 56.3078 9974.58
1 -2.50439 88.9202 0 -47.8023 -69.3798 27110.8
1 -2.50439 88.9202 1 -94.3806 -46.2745 26718.8
1 -2.50439 88.9202 2 53.1013 42.3615 5259.7
1 -2.50439 88.9202 3 61.3862 -23.2439 16662.8
1 -2.50439 88.9202 4 -16.6035 -14.9893 10996
1 -2.50439 88.9202 5 -31.1059 39.6962 3241.04
1 -2.50439 88.9202 6 21.2703 98.4995 657
1 -2.50439 88.9202 7 -30.1116 -6.59825 9885.93
1 -2.50439 88.9202 8 -75.6969 -65.812 29299.2
1 -2.50439 88.9202 9 34.4809 -69.8783 26584.9
1 -2.50439 88.9202 10 42.5263 70.0142 2385.2
1 -2.50439 88.9202 11 -42.41 89.6216 1592.95
1 -2.50439 88.9202 12 -78.7663 78.6736 5920.88
1 -2.50439 88.9202 13 30.6963 88.5948 1102.39
1 -2.50439 88.9202 14 35.6152 -65.2589 25224.3
1 -2.50439 88.9202 15 -77.1653 70.7989 5902.64
1 -2.50439 88.9202 16 27.0139 47.9341 2551.19
1 -2.50439 88.9202 17 87.2294 59.373 8925.19
1 -2.50439 88.9202 18 52.5157 72.5202 3296.17
1 -2.50439 88.9202 19 63.4564 56.3078 5414.4
2 26.1226 89.0394 0 -47.8023 -69.3798 30561.5
2 26.1226 89.0394 1 -94.3806 -46.2745 32830.9
2 26.1226 89.0394 2 53.1013 42.3615 2906.68
2 26.1226 89.0394 3 61.3862 -23.2439 13851.1
2 26.1226 89.0394 4 -16.6035 -14.9893 12647.5
2 26.1226 89.0394 5 -31.1059 39.6962 5709.84
2 26.1226 89.0394 6 21.2703 98.4995 113.037
2 26.1226 89.0394 7 -30.1116 -6.59825 12308.8
2 26.1226 89.0394 8 -75.6969 -65.812 34346.1
2 26.1226 89.0394 9 34.4809 -69.8783 25324.7
2 26.1226 89.0394 10 42.5263 70.0142 631.041
2 26.1226 89.0394 11 -42.41 89.6216 4697.06
2 26.1226 89.0394 12 -78.7663 78.6736 11109.1
2 26.1226 89.0394 13 30.6963 88.5948 21.117
2 26.1226 89.0394 14 35.6152 -65.2589 23898.1
2 26.1226 89.0394 15 -77.1653 70.7989 11001.1
2 26.1226 89.0394 16 27.0139 47.9341 1690.44
2 26.1226 89.0394 17 87.2294 59.373 4614.14
2 26.1226 89.0394 18 52.5157 72.5202 969.483
2 26.1226 89.0394 19 63.4564 56.3078 2465.18
3 -91.2164 85.357 0 -47.8023 -69.3798 25828.3
3 -91.2164 85.357 1 -94.3806 -46.2745 17336.9
3 -91.2164 85.357 2 53.1013 42.3615 22676.2
3 -91.2164 85.357 3 61.3862 -23.2439 35081.7
3 -91.2164 85.357 4 -16.6035 -14.9893 15636.5
3 -91.2164 85.357 5 -31.1059 39.6962 5698.18
3 -91.2164 85.357 6 21.2703 98.4995 12826
3 -91.2164 85.357 7 -30.1116 -6.59825 12189.6
3 -91.2164 85.357 8 -75.6969 -65.812 23092.9
3 -91.2164 85.357 9 34.4809 -69.8783 39897.8
3 -91.2164 85.357 10 42.5263 70.0142 18122.5
3 -91.2164 85.357 11 -42.41 89.6216 2400.25
3 -91.2164 85.357 12 -78.7663 78.6736 199.672
3 -91.2164 85.357 13 30.6963 88.5948 14873.2
3 -91.2164 85.357 14 35.6152 -65.2589 38771.4
3 -91.2164 85.357 15 -77.1653 70.7989 409.373
3 -91.2164 85.357 16 27.0139 47.9341 15378.9
3 -91.2164 85.357 17 87.2294 59.373 32518.1
3 -91.2164 85.357 18 52.5157 72.5202 20823.7
3 -91.2164 85.357 19 63.4564 56.3078 24767.5
4 -68.7326 -64.0819 0 -47.8023 -69.3798 466.146
4 -68.7326 -64.0819 1 -94.3806 -46.2745 974.921
4 -68.7326 -64.0819 2 53.1013 42.3615 26173.7
4 -68.7326 -64.0819 3 61.3862 -23.2439 18598.6
4 -68.7326 -64.0819 4 -16.6035 -14.9893 5127.53
4 -68.7326 -64.0819 5 -31.1059 39.6962 12185.7
4 -68.7326 -64.0819 6 21.2703 98.4995 34533.2
4 -68.7326 -64.0819 7 -30.1116 -6.59825 4795.95
4 -68.7326 -64.0819 8 -75.6969 -65.812 51.4939
4 -68.7326 -64.0819 9 34.4809 -69.8783 10686.6
4 -68.7326 -64.0819 10 42.5263 70.0142 30360.3
4 -68.7326 -64.0819 11 -42.41 89.6216 24317.6
4 -68.7326 -64.0819 12 -78.7663 78.6736 20479.8
4 -68.7326 -64.0819 13 30.6963 88.5948 33196.3
4 -68.7326 -64.0819 14 35.6152 -65.2589 10889.9
4 -68.7326 -64.0819 15 -77.1653 70.7989 18263.9
4 -68.7326 -64.0819 16 27.0139 47.9341 21715
4 -68.7326 -64.0819 17 87.2294 59.373 39565.2
4 -68.7326 -64.0819 18 52.5157 72.5202 33361.3
4 -68.7326 -64.0819 19 63.4564 56.3078 31967.6
5 -73.5331 96.0558 0 -47.8023 -69.3798 28031
5 -73.5331 96.0558 1 -94.3806 -46.2745 20692.5
5 -73.5331 96.0558 2 53.1013 42.3615 18919.3
5 -73.5331 96.0558 3 61.3862 -23.2439 32435.6
5 -73.5331 96.0558 4 -16.6035 -14.9893 15572
5 -73.5331 96.0558 5 -31.1059 39.6962 4976.47
5 -73.5331 96.0558 6 21.2703 98.4995 8993.66
5 -73.5331 96.0558 7 -30.1116 -6.59825 12423.3
5 -73.5331 96.0558 8 -75.6969 -65.812 26205.9
5 -73.5331 96.0558 9 34.4809 -69.8783 39201.2
5 -73.5331 96.0558 10 42.5263 70.0142 14147.9
5 -73.5331 96.0558 11 -42.41 89.6216 1010.04
5 -73.5331 96.0558 12 -78.7663 78.6736 329.53
5 -73.5331 96.0558 13 30.6963 88.5948 10919.4
5 -73.5331 96.0558 14 35.6152 -65.2589 37935.8
5 -73.5331 96.0558 15 -77.1653 70.7989 651.109
5 -73.5331 96.0558 16 27.0139 47.9341 12425.4
5 -73.5331 96.0558 17 87.2294 59.373 27190.2
5 -73.5331 96.0558 18 52.5157 72.5202 16442.2
5 -73.5331 96.0558 19 63.4564 56.3078 20346
6 -44.1825 -78.3227 0 -47.8023 -69.3798 93.0789
6 -44.1825 -78.3227 1 -94.3806 -46.2745 3546.94
6 -44.1825 -78.3227 2 53.1013 42.3615 24028.8
6 -44.1825 -78.3227 3 61.3862 -23.2439 14178.4
6 -44.1825 -78.3227 4 -16.6035 -14.9893 4771.72
6 -44.1825 -78.3227 5 -31.1059 39.6962 14099.5
6 -44.1825 -78.3227 6 21.2703 98.4995 35550.2
6 -44.1825 -78.3227 7 -30.1116 -6.59825 5342.39
6 -44.1825 -78.3227 8 -75.6969 -65.812 1149.68
6 -44.1825 -78.3227 9 34.4809 -69.8783 6259.24
6 -44.1825 -78.3227 10 42.5263 70.0142 29522.2
6 -44.1825 -78.3227 11 -42.41 89.6216 28208.4
6 -44.1825 -78.3227 12 -78.7663 78.6736 25843.9
6 -44.1825 -78.3227 13 30.6963 88.5948 33468.3
6 -44.1825 -78.3227 14 35.6152 -65.2589 6538.33
6 -44.1825 -78.3227 15 -77.1653 70.7989 23325.1
6 -44.1825 -78.3227 16 27.0139 47.9341 21009.7
6 -44.1825 -78.3227 17 87.2294 59.373 36229.2
6 -44.1825 -78.3227 18 52.5157 72.5202 32104.1
6 -44.1825 -78.3227 19 63.4564 56.3078 29711.5
7 -3.66425 -18.5653 0 -47.8023 -69.3798 4530.27
7 -3.66425 -18.5653 1 -94.3806 -46.2745 8997.25
7 -3.66425 -18.5653 2 53.1013 42.3615 6934.4
7 -3.66425 -18.5653 3 61.3862 -23.2439 4253.45
7 -3.66425 -18.5653 4 -16.6035 -14.9893 180.214
7 -3.66425 -18.5653 5 -31.1059 39.6962 4147.46
7 -3.66425 -18.5653 6 21.2703 98.4995 14325.9
7 -3.66425 -18.5653 7 -30.1116 -6.59825 842.674
7 -3.66425 -18.5653 8 -75.6969 -65.812 7420.94
7 -3.66425 -18.5653 9 34.4809 -69.8783 4088.07
7 -3.66425 -18.5653 10 42.5263 70.0142 9979.89
7 -3.66425 -18.5653 11 -42.41 89.6216 13205.6
7 -3.66425 -18.5653 12 -78.7663 78.6736 15095.7
7 -3.66425 -18.5653 13 30.6963 88.5948 12663.9
7 -3.66425 -18.5653 14 35.6152 -65.2589 3723.16
7 -3.66425 -18.5653 15 -77.1653 70.7989 13388.4
7 -3.66425 -18.5653 16 27.0139 47.9341 5363.32
7 -3.66425 -18.5653 17 87.2294 59.373 14336
7 -3.66425 -18.5653 18 52.5157 72.5202 11452.8
7 -3.66425 -18.5653 19 63.4564 56.3078 10111.2
8 6.89944 -30.6298 0 -47.8023 -69.3798 4493.84
8 6.89944 -30.6298 1 -94.3806 -46.2745 10502.4
8 6.89944 -30.6298 2 53.1013 42.3615 7462.34
8 6.89944 -30.6298 3 61.3862 -23.2439 3023.35
8 6.89944 -30.6298 4 -16.6035 -14.9893 797.018
8 6.89944 -30.6298 5 -31.1059 39.6962 6390.16
8 6.89944 -30.6298 6 21.2703 98.4995 16880.9
8 6.89944 -30.6298 7 -30.1116 -6.59825 1947.33
8 6.89944 -30.6298 8 -75.6969 -65.812 8059.93
8 6.89944 -30.6298 9 34.4809 -69.8783 2301.18
8 6.89944 -30.6298 10 42.5263 70.0142 11398.5
8 6.89944 -30.6298 11 -42.41 89.6216 16891.8
8 6.89944 -30.6298 12 -78.7663 78.6736 19285.9
8 6.89944 -30.6298 13 30.6963 88.5948 14780.8
8 6.89944 -30.6298 14 35.6152 -65.2589 2023.77
8 6.89944 -30.6298 15 -77.1653 70.7989 17354.7
8 6.89944 -30.6298 16 27.0139 47.9341 6576.88
8 6.89944 -30.6298 17 87.2294 59.373 14553.4
8 6.89944 -30.6298 18 52.5157 72.5202 12720.8
8 6.89944 -30.6298 19 63.4564 56.3078 10756.8
9 40.3411 -81.0904 0 -47.8023 -69.3798 7906.4
9 40.3411 -81.0904 1 -94.3806 -46.2745 19362.1
9 40.3411 -81.0904 2 53.1013 42.3615 15403.2
9 40.3411 -81.0904 3 61.3862 -23.2439 3789.11
9 40.3411 -81.0904 4 -16.6035 -14.9893 7612.05
9 40.3411 -81.0904 5 -31.1059 39.6962 19694.1
9 40.3411 -81.0904 6 21.2703 98.4995 32616.2
9 40.3411 -81.0904 7 -30.1116 -6.59825 10512.7
9 40.3411 -81.0904 8 -75.6969 -65.812 13698.2
9 40.3411 -81.0904 9 34.4809 -69.8783 160.053
9 40.3411 -81.0904 10 42.5263 70.0142 22837.4
9 40.3411 -81.0904 11 -42.41 89.6216 35990.3
9 40.3411 -81.0904 12 -78.7663 78.6736 39711.1
9 40.3411 -81.0904 13 30.6963 88.5948 28886.1
9 40.3411 -81.0904 14 35.6152 -65.2589 272.971
9 40.3411 -81.0904 15 -77.1653 70.7989 36878.1
9 40.3411 -81.0904 16 27.0139 47.9341 16824.9
9 40.3411 -81.0904 17 87.2294 59.373 21928.5
9 40.3411 -81.0904 18 52.5157 72.5202 23744.4
9 40.3411 -81.0904 19 63.4564 56.3078 19412.6
10 -0.333546 0.111439 0 -47.8023 -69.3798 7082.31
10 -0.333546 0.111439 1 -94.3806 -46.2745 10996.5
10 -0.333546 0.111439 2 53.1013 42.3615 4640.34
10 -0.333546 0.111439 3 61.3862 -23.2439 4354.8
10 -0.333546 0.111439 4 -16.6035 -14.9893 492.744
10 -0.333546 0.111439 5 -31.1059 39.6962 2513.89
10 -0.333546 0.111439 6 21.2703 98.4995 10146.9
10 -0.333546 0.111439 7 -30.1116 -6.59825 931.753
10 -0.333546 0.111439 8 -75.6969 -65.812 10025.5
10 -0.333546 0.111439 9 34.4809 -69.8783 6110.61
10 -0.333546 0.111439 10 42.5263 70.0142 6723.35
10 -0.333546 0.111439 11 -42.41 89.6216 9782.49
10 -0.333546 0.111439 12 -78.7663 78.6736 12323.7
10 -0.333546 0.111439 13 30.6963 88.5948 8792.15
10 -0.333546 0.111439 14 35.6152 -65.2589 5565.59
10 -0.333546 0.111439 15 -77.1653 70.7989 10899.8
10 -0.333546 0.111439 16 27.0139 47.9341 3034.89
10 -0.333546 0.111439 17 87.2294 59.373 11179.2
10 -0.333546 0.111439 18 52.5157 72.5202 8036.07
10 -0.333546 0.111439 19 63.4564 56.3078 7227.19
11 -5.22964 -39.9239 0 -47.8023 -69.3798 2680.08
11 -5.22964 -39.9239 1 -94.3806 -46.2745 7988.22
11 -5.22964 -39.9239 2 53.1013 42.3615 10173.4
11 -5.22964 -39.9239 3 61.3862 -23.2439 4715.89
11 -5.22964 -39.9239 4 -16.6035 -14.9893 751.102
11 -5.22964 -39.9239 5 -31.1059 39.6962 7008.95
11 -5.22964 -39.9239 6 21.2703 98.4995 19863.3
11 -5.22964 -39.9239 7 -30.1116 -6.59825 1729.71
11 -5.22964 -39.9239 8 -75.6969 -65.812 5635.82
11 -5.22964 -39.9239 9 34.4809 -69.8783 2474.19
11 -5.22964 -39.9239 10 42.5263 70.0142 14367
11 -5.22964 -39.9239 11 -42.41 89.6216 18164.4
11 -5.22964 -39.9239 12 -78.7663 78.6736 19473
11 -5.22964 -39.9239 13 30.6963 88.5948 17807.7
11 -5.22964 -39.9239 14 35.6152 -65.2589 2310.16
11 -5.22964 -39.9239 15 -77.1653 70.7989 17434.3
11 -5.22964 -39.9239 16 27.0139 47.9341 8758.68
11 -5.22964 -39.9239 17 87.2294 59.373 18408.5
11 -5.22964 -39.9239 18 52.5157 72.5202 15978.2
11 -5.22964 -39.9239 19 63.4564 56.3078 13978.3
12 33.0292 -72.8068 0 -47.8023 -69.3798 6545.47
12 33.0292 -72.8068 1 -94.3806 -46.2745 16937.2
12 33.0292 -72.8068 2 53.1013 42.3615 13666.6
12 33.0292 -72.8068 3 61.3862 -23.2439 3260.6
12 33.0292 -72.8068 4 -16.6035 -14.9893 5806.27
12 33.0292 -72.8068 5 -31.1059 39.6962 16770.2
12 33.0292 -72.8068 6 21.2703 98.4995 29484.1
12 33.0292 -72.8068 7 -30.1116 -6.59825 8370.33
12 33.0292 -72.8068 8 -75.6969 -65.812 11870.3
12 33.0292 -72.8068 9 34.4809 -69.8783 10.6837
12 33.0292 -72.8068 10 42.5263 70.0142 20488
12 33.0292 -72.8068 11 -42.41 89.6216 32074
12 33.0292 -72.8068 12 -78.7663 78.6736 35444.5
12 33.0292 -72.8068 13 30.6963 88.5948 26055.9
12 33.0292 -72.8068 14 35.6152 -65.2589 63.6585
12 33.0292 -72.8068 15 -77.1653 70.7989 32765.4
12 33.0292 -72.8068 16 27.0139 47.9341 14614.5
12 33.0292 -72.8068 17 87.2294 59.373 20409.1
12 33.0292 -72.8068 18 52.5157 72.5202 21499.7
12 33.0292 -72.8068 19 63.4564 56.3078 17596.4
13 15.2913 53.8402 0 -47.8023 -69.3798 19164
13 15.2913 53.8402 1 -94.3806 -46.2745 22050.9
13 15.2913 53.8402 2 53.1013 42.3615 1561.35
13 15.2913 53.8402 3 61.3862 -23.2439 8066.69
13 15.2913 53.8402 4 -16.6035 -14.9893 5754.77
13 15.2913 53.8402 5 -31.1059 39.6962 2352.75
13 15.2913 53.8402 6 21.2703 98.4995 2030.2
13 15.2913 53.8402 7 -30.1116 -6.59825 5714.23
13 15.2913 53.8402 8 -75.6969 -65.812 22595.5
13 15.2913 53.8402 9 34.4809 -69.8783 15674.5
13 15.2913 53.8402 10 42.5263 70.0142 1003.34
13 15.2913 53.8402 11 -42.41 89.6216 4609.76
13 15.2913 53.8402 12 -78.7663 78.6736 9463.54
13 15.2913 53.8402 13 30.6963 88.5948 1445.2
13 15.2913 53.8402 14 35.6152 -65.2589 14597.6
13 15.2913 53.8402 15 -77.1653 70.7989 8835.83
13 15.2913 53.8402 16 27.0139 47.9341 172.3
13 15.2913 53.8402 17 87.2294 59.373 5205.7
13 15.2913 53.8402 18 52.5157 72.5202 1734.6
13 15.2913 53.8402 19 63.4564 56.3078 2325.97
14 79.6871 -86.8422 0 -47.8023 -69.3798 16558.5
14 79.6871 -86.8422 1 -94.3806 -46.2745 31945.3
14 79.6871 -86.8422 2 53.1013 42.3615 17400.4
14 79.6871 -86.8422 3 61.3862 -23.2439 4379.67
14 79.6871 -86.8422 4 -16.6035 -14.9893 14434.7
14 79.6871 -86.8422 5 -31.1059 39.6962 28287.1
14 79.6871 -86.8422 6 21.2703 98.4995 37764.1
14 79.6871 -86.8422 7 -30.1116 -6.59825 18494.9
14 79.6871 -86.8422 8 -75.6969 -65.812 24586.5
14 79.6871 -86.8422 9 34.4809 -69.8783 2331.38
14 79.6871 -86.8422 10 42.5263 70.0142 25984.9
14 79.6871 -86.8422 11 -42.41 89.6216 46047.2
14 79.6871 -86.8422 12 -78.7663 78.6736 52503
14 79.6871 -86.8422 13 30.6963 88.5948 33178.3
14 79.6871 -86.8422 14 35.6152 -65.2589 2408.18
14 79.6871 -86.8422 15 -77.1653 70.7989 49453.4
14 79.6871 -86.8422 16 27.0139 47.9341 20939.1
14 79.6871 -86.8422 17 87.2294 59.373 21435.8
14 79.6871 -86.8422 18 52.5157 72.5202 26134.7
14 79.6871 -86.8422 19 63.4564 56.3078 20755.4
15 81.4255 -36.8232 0 -47.8023 -69.3798 17759.8
15 81.4255 -36.8232 1 -94.3806 -46.2745 30997.1
15 81.4255 -36.8232 2 53.1013 42.3615 7072.47
15 81.4255 -36.8232 3 61.3862 -23.2439 585.97
15 81.4255 -36.8232 4 -16.6035 -14.9893 10086.4
15 81.4255 -36.8232 5 -31.1059 39.6962 18518.5
15 81.4255 -36.8232 6 21.2703 98.4995 21930.9
15 81.4255 -36.8232 7 -30.1116 -6.59825 13354.1
15 81.4255 -36.8232 8 -75.6969 -65.812 25527.8
15 81.4255 -36.8232 9 34.4809 -69.8783 3296.43
15 81.4255 -36.8232 10 42.5263 70.0142 12927.4
15 81.4255 -36.8232 11 -42.41 89.6216 31323.5
15 81.4255 -36.8232 12 -78.7663 78.6736 39000.9
15 81.4255 -36.8232 13 30.6963 88.5948 18303.1
15 81.4255 -36.8232 14 35.6152 -65.2589 2907.17
15 81.4255 -36.8232 15 -77.1653 70.7989 36733.5
15 81.4255 -36.8232 16 27.0139 47.9341 10144.4
15 81.4255 -36.8232 17 87.2294 59.373 9287.38
15 81.4255 -36.8232 18 52.5157 72.5202 12791.7
15 81.4255 -36.8232 19 63.4564 56.3078 8996.25
16 -81.146 0.168346 0 -47.8023 -69.3798 5948.74
16 -81.146 0.168346 1 -94.3806 -46.2745 2332.09
16 -81.146 0.168346 2 53.1013 42.3615 19802.6
16 -81.146 0.168346 3 61.3862 -23.2439 20863.5
16 -81.146 0.168346 4 -16.6035 -14.9893 4395.48
16 -81.146 0.168346 5 -31.1059 39.6962 4066.47
16 -81.146 0.168346 6 21.2703 98.4995 20158.1
16 -81.146 0.168346 7 -30.1116 -6.59825 2650.29
16 -81.146 0.168346 8 -75.6969 -65.812 4383.09
16 -81.146 0.168346 9 34.4809 -69.8783 18276.1
16 -81.146 0.168346 10 42.5263 70.0142 20173.3
16 -81.146 0.168346 11 -42.41 89.6216 9502.35
16 -81.146 0.168346 12 -78.7663 78.6736 6168.74
16 -81.146 0.168346 13 30.6963 88.5948 20327.9
16 -81.146 0.168346 14 35.6152 -65.2589 17913.9
16 -81.146 0.168346 15 -77.1653 70.7989 5004.51
16 -81.146 0.168346 16 27.0139 47.9341 13980.1
16 -81.146 0.168346 17 87.2294 59.373 31855.4
16 -81.146 0.168346 18 52.5157 72.5202 23100.2
16 -81.146 0.168346 19 63.4564 56.3078 24061.5
17 75.4006 66.3679 0 -47.8023 -69.3798 33606.4
17 75.4006 66.3679 1 -94.3806 -46.2745 41514
17 75.4006 66.3679 2 53.1013 42.3615 1073.57
17 75.4006 66.3679 3 61.3862 -23.2439 8226.68
17 75.4006 66.3679 4 -16.6035 -14.9893 15083.8
17 75.4006 66.3679 5 -31.1059 39.6962 12055
17 75.4006 66.3679 6 21.2703 98.4995 3962.53
17 75.4006 66.3679 7 -30.1116 -6.59825 16456.9
17 75.4006 66.3679 8 -75.6969 -65.812 40302
17 75.4006 66.3679 9 34.4809 -69.8783 20237.4
17 75.4006 66.3679 10 42.5263 70.0142 1094.02
17 75.4006 66.3679 11 -42.41 89.6216 14420.1
17 75.4006 66.3679 12 -78.7663 78.6736 23918.9
17 75.4006 66.3679 13 30.6963 88.5948 2492.51
17 75.4006 66.3679 14 35.6152 -65.2589 18908.5
17 75.4006 66.3679 15 -77.1653 70.7989 23296
17 75.4006 66.3679 16 27.0139 47.9341 2681.08
17 75.4006 66.3679 17 87.2294 59.373 188.848
17 75.4006 66.3679 18 52.5157 72.5202 561.57
17 75.4006 66.3679 19 63.4564 56.3078 243.87
18 -84.4383 -66.9901 0 -47.8023 -69.3798 1347.9
18 -84.4383 -66.9901 1 -94.3806 -46.2745 527.987
18 -84.4383 -66.9901 2 53.1013 42.3615 30874.9
18 -84.4383 -66.9901 3 61.3862 -23.2439 23178.5
18 -84.4383 -66.9901 4 -16.6035 -14.9893 7305.64
18 -84.4383 -66.9901 5 -31.1059 39.6962 14226.3
18 -84.4383 -66.9901 6 21.2703 98.4995 38561.1
18 -84.4383 -66.9901 7 -30.1116 -6.59825 6598.56
18 -84.4383 -66.9901 8 -75.6969 -65.812 77.8
18 -84.4383 -66.9901 9 34.4809 -69.8783 14150.1
18 -84.4383 -66.9901 10 42.5263 70.0142 34890.2
18 -84.4383 -66.9901 11 -42.41 89.6216 26293.6
18 -84.4383 -66.9901 12 -78.7663 78.6736 21250.1
18 -84.4383 -66.9901 13 30.6963 88.5948 37462.6
18 -84.4383 -66.9901 14 35.6152 -65.2589 14415.8
18 -84.4383 -66.9901 15 -77.1653 70.7989 19038.7
18 -84.4383 -66.9901 16 27.0139 47.9341 25629.2
18 -84.4383 -66.9901 17 87.2294 59.373 45437.4
18 -84.4383 -66.9901 18 52.5157 72.5202 38219.5
18 -84.4383 -66.9901 19 63.4564 56.3078 37075.2
19 -91.6059 -52.8782 0 -47.8023 -69.3798 2191.06
19 -91.6059 -52.8782 1 -94.3806 -46.2745 51.3074
19 -91.6059 -52.8782 2 53.1013 42.3615 30010.8
19 -91.6059 -52.8782 3 61.3862 -23.2439 24284.8
19 -91.6059 -52.8782 4 -16.6035 -14.9893 7060.93
19 -91.6059 -52.8782 5 -31.1059 39.6962 12230.3
19 -91.6059 -52.8782 6 21.2703 98.4995 35656.2
19 -91.6059 -52.8782 7 -30.1116 -6.59825 5923.38
19 -91.6059 -52.8782 8 -75.6969 -65.812 420.38
19 -91.6059 -52.8782 9 34.4809 -69.8783 16186.9
19 -91.6059 -52.8782 10 42.5263 70.0142 33094
19 -91.6059 -52.8782 11 -42.41 89.6216 22726.4
19 -91.6059 -52.8782 12 -78.7663 78.6736 17470.7
19 -91.6059 -52.8782 13 30.6963 88.5948 34972.4
19 -91.6059 -52.8782 14 35.6152 -65.2589 16338.5
19 -91.6059 -52.8782 15 -77.1653 70.7989 15504.5
19 -91.6059 -52.8782 16 27.0139 47.9341 24233.8
19 -91.6059 -52.8782 17 87.2294 59.373 44582.4
19 -91.6059 -52.8782 18 52.5157 72.5202 36495.8
19 -91.6059 -52.8782 19 63.4564 56.3078 35965.9
20 -7.88817 -50.9556 0 -47.8023 -69.3798 1932.59
20 -7.88817 -50.9556 1 -94.3806 -46.2745 7502.85
20 -7.88817 -50.9556 2 53.1013 42.3615 12427.8
20 -7.88817 -50.9556 3 61.3862 -23.2439 5566.87
20 -7.88817 -50.9556 4 -16.6035 -14.9893 1369.53
20 -7.88817 -50.9556 5 -31.1059 39.6962 8756.81
20 -7.88817 -50.9556 6 21.2703 98.4995 23187
20 -7.88817 -50.9556 7 -30.1116 -6.59825 2461.45
20 -7.88817 -50.9556 8 -75.6969 -65.812 4818.73
20 -7.88817 -50.9556 9 34.4809 -69.8783 2153.21
20 -7.88817 -50.9556 10 42.5263 70.0142 17175.3
20 -7.88817 -50.9556 11 -42.41 89.6216 20953.7
20 -7.88817 -50.9556 12 -78.7663 78.6736 21827.4
20 -7.88817 -50.9556 13 30.6963 88.5948 20963.1
20 -7.88817 -50.9556 14 35.6152 -65.2589 2097.13
20 -7.88817 -50.9556 15 -77.1653 70.7989 19623.5
20 -7.88817 -50.9556 16 27.0139 47.9341 10997.3
20 -7.88817 -50.9556 17 87.2294 59.373 21219.7
20 -7.88817 -50.9556 18 52.5157 72.5202 18894.9
20 -7.88817 -50.9556 19 63.4564 56.3078 16595.5
21 44.43 72.2866 0 -47.8023 -69.3798 28576.1
21 44.43 72.2866 1 -94.3806 -46.2745 33325.1
21 44.43 72.2866 2 53.1013 42.3615 970.704
21 44.43 72.2866 3 61.3862 -23.2439 9413.59
21 44.43 72.2866 4 -16.6035 -14.9893 11342.2
21 44.43 72.2866 5 -31.1059 39.6962 6767.79
21 44.43 72.2866 6 21.2703 98.4995 1223.49
21 44.43 72.2866 7 -30.1116 -6.59825 11779.3
21 44.43 72.2866 8 -75.6969 -65.812 33501.7
21 44.43 72.2866 9 34.4809 -69.8783 20309.8
21 44.43 72.2866 10 42.5263 70.0142 8.78798
21 44.43 72.2866 11 -42.41 89.6216 7841.69
21 44.43 72.2866 12 -78.7663 78.6736 15218.1
21 44.43 72.2866 13 30.6963 88.5948 454.57
21 44.43 72.2866 14 35.6152 -65.2589 18996.5
21 44.43 72.2866 15 -77.1653 70.7989 14787.6
21 44.43 72.2866 16 27.0139 47.9341 896.363
21 44.43 72.2866 17 87.2294 59.373 1998.55
21 44.43 72.2866 18 52.5157 72.5202 65.4339
21 44.43 72.2866 19 63.4564 56.3078 617.33
22 -72.4138 -63.6442 0 -47.8023 -69.3798 638.622
22 -72.4138 -63.6442 1 -94.3806 -46.2745 784.248
22 -72.4138 -63.6442 2 53.1013 42.3615 26991.2
22 -72.4138 -63.6442 3 61.3862 -23.2439 19534.6
22 -72.4138 -63.6442 4 -16.6035 -14.9893 5482.09
22 -72.4138 -63.6442 5 -31.1059 39.6962 12385.6
22 -72.4138 -63.6442 6 21.2703 98.4995 35067.3
22 -72.4138 -63.6442 7 -30.1116 -6.59825 5043.72
22 -72.4138 -63.6442 8 -75.6969 -65.812 15.4776
22 -72.4138 -63.6442 9 34.4809 -69.8783 11465.3
22 -72.4138 -63.6442 10 42.5263 70.0142 31075.8
22 -72.4138 -63.6442 11 -42.41 89.6216 24390.6
22 -72.4138 -63.6442 12 -78.7663 78.6736 20294.7
22 -72.4138 -63.6442 13 30.6963 88.5948 33808.4
22 -72.4138 -63.6442 14 35.6152 -65.2589 11672.9
22 -72.4138 -63.6442 15 -77.1653 70.7989 18097.5
22 -72.4138 -63.6442 16 27.0139 47.9341 22335.6
22 -72.4138 -63.6442 17 87.2294 59.373 40619.2
22 -72.4138 -63.6442 18 52.5157 72.5202 34148.1
22 -72.4138 -63.6442 19 63.4564 56.3078 32849.2
23 28.2086 -43.7092 0 -47.8023 -69.3798 6436.63
23 28.2086 -43.7092 1 -94.3806 -46.2745 15034.7
23 28.2086 -43.7092 2 53.1013 42.3615 8027.81
23 28.2086 -43.7092 3 61.3862 -23.2439 1519.58
23 28.2086 -43.7092 4 -16.6035 -14.9893 2832.96
23 28.2086 -43.7092 5 -31.1059 39.6962 10474.7
23 28.2086 -43.7092 6 21.2703 98.4995 20271.5
23 28.2086 -43.7092 7 -30.1116 -6.59825 4778.46
23 28.2086 -43.7092 8 -75.6969 -65.812 11284.9
23 28.2086 -43.7092 9 34.4809 -69.8783 724.164
23 28.2086 -43.7092 10 42.5263 70.0142 13138
23 28.2086 -43.7092 11 -42.41 89.6216 22764.1
23 28.2086 -43.7092 12 -78.7663 78.6736 26421.2
23 28.2086 -43.7092 13 30.6963 88.5948 17510.5
23 28.2086 -43.7092 14 35.6152 -65.2589 519.247
23 28.2086 -43.7092 15 -77.1653 70.7989 24215.7
23 28.2086 -43.7092 16 27.0139 47.9341 8399.92
23 28.2086 -43.7092 17 87.2294 59.373 14109.4
23 28.2086 -43.7092 18 52.5157 72.5202 14100.1
23 28.2086 -43.7092 19 63.4564 56.3078 11245.8
24 73.1083 -45.7919 0 -47.8023 -69.3798 15175.8
24 73.1083 -45.7919 1 -94.3806 -46.2745 28052.8
24 73.1083 -45.7919 2 53.1013 42.3615 8171.3
24 73.1083 -45.7919 3 61.3862 -23.2439 645.821
24 73.1083 -45.7919 4 -16.6035 -14.9893 8997.02
24 73.1083 -45.7919 5 -31.1059 39.6962 18168.8
24 73.1083 -45.7919 6 21.2703 98.4995 23507.2
24 73.1083 -45.7919 7 -30.1116 -6.59825 12190.5
24 73.1083 -45.7919 8 -75.6969 -65.812 22543.8
24 73.1083 -45.7919 9 34.4809 -69.8783 2072.23
24 73.1083 -45.7919 10 42.5263 70.0142 14346.3
24 73.1083 -45.7919 11 -42.41 89.6216 31681.3
24 73.1083 -45.7919 12 -78.7663 78.6736 38557.6
24 73.1083 -45.7919 13 30.6963 88.5948 19858.6
24 73.1083 -45.7919 14 35.6152 -65.2589 1784.7
24 73.1083 -45.7919 15 -77.1653 70.7989 36175.6
24 73.1083 -45.7919 16 27.0139 47.9341 10909.3
24 73.1083 -45.7919 17 87.2294 59.373 11259.1
24 73.1083 -45.7919 18 52.5157 72.5202 14421.8
24 73.1083 -45.7919 19 63.4564 56.3078 10517.5
25 -52.7367 73.3134 0 -47.8023 -69.3798 20385.7
25 -52.7367 73.3134 1 -94.3806 -46.2745 16035.5
25 -52.7367 73.3134 2 53.1013 42.3615 12159.7
25 -52.7367 73.3134 3 61.3862 -23.2439 22347.3
25 -52.7367 73.3134 4 -16.6035 -14.9893 9102.97
25 -52.7367 73.3134 5 -31.1059 39.6962 1598.01
25 -52.7367 73.3134 6 21.2703 98.4995 6111.37
25 -52.7367 73.3134 7 -30.1116 -6.59825 6897.77
25 -52.7367 73.3134 8 -75.6969 -65.812 19883
25 -52.7367 73.3134 9 34.4809 -69.8783 28110.8
25 -52.7367 73.3134 10 42.5263 70.0142 9085.91
25 -52.7367 73.3134 11 -42.41 89.6216 372.595
25 -52.7367 73.3134 12 -78.7663 78.6736 706.276
25 -52.7367 73.3134 13 30.6963 88.5948 7194.58
25 -52.7367 73.3134 14 35.6152 -65.2589 27008.3
25 -52.7367 73.3134 15 -77.1653 70.7989 603.082
25 -52.7367 73.3134 16 27.0139 47.9341 7004.26
25 -52.7367 73.3134 17 87.2294 59.373 19784.8
25 -52.7367 73.3134 18 52.5157 72.5202 11078.7
25 -52.7367 73.3134 19 63.4564 56.3078 13790
26 -59.3241 53.5714 0 -47.8023 -69.3798 15249.7
26 -59.3241 53.5714 1 -94.3806 -46.2745 11198.2
26 -59.3241 53.5714 2 53.1013 42.3615 12765.1
26 -59.3241 53.5714 3 61.3862 -23.2439 20471.6
26 -59.3241 53.5714 4 -16.6035 -14.9893 6525.61
26 -59.3241 53.5714 5 -31.1059 39.6962 988.786
26 -59.3241 53.5714 6 21.2703 98.4995 8513.99
26 -59.3241 53.5714 7 -30.1116 -6.59825 4473.75
26 -59.3241 53.5714 8 -75.6969 -65.812 14520.5
26 -59.3241 53.5714 9 34.4809 -69.8783 24039.2
26 -59.3241 53.5714 10 42.5263 70.0142 10643.9
26 -59.3241 53.5714 11 -42.41 89.6216 1585.7
26 -59.3241 53.5714 12 -78.7663 78.6736 1008.12
26 -59.3241 53.5714 13 30.6963 88.5948 9330.31
26 -59.3241 53.5714 14 35.6152 -65.2589 23134.1
26 -59.3241 53.5714 15 -77.1653 70.7989 615.095
26 -59.3241 53.5714 16 27.0139 47.9341 7486.02
26 -59.3241 53.5714 17 87.2294 59.373 21511.6
26 -59.3241 53.5714 18 52.5157 72.5202 12867.2
26 -59.3241 53.5714 19 63.4564 56.3078 15082.5
27 -11.803 -75.2145 0 -47.8023 -69.3798 1329.99
27 -11.803 -75.2145 1 -94.3806 -46.2745 7656.58
27 -11.803 -75.2145 2 53.1013 42.3615 18036.7
27 -11.803 -75.2145 3 61.3862 -23.2439 8057.6
27 -11.803 -75.2145 4 -16.6035 -14.9893 3650.13
27 -11.803 -75.2145 5 -31.1059 39.6962 13577.1
27 -11.803 -75.2145 6 21.2703 98.4995 31270.4
27 -11.803 -75.2145 7 -30.1116 -6.59825 5043.4
27 -11.803 -75.2145 8 -75.6969 -65.812 4170.83
27 -11.803 -75.2145 9 34.4809 -69.8783 2170.68
27 -11.803 -75.2145 10 42.5263 70.0142 24043
27 -11.803 -75.2145 11 -42.41 89.6216 28107.7
27 -11.803 -75.2145 12 -78.7663 78.6736 28165.6
27 -11.803 -75.2145 13 30.6963 88.5948 28639.7
27 -11.803 -75.2145 14 35.6152 -65.2589 2347.6
27 -11.803 -75.2145 15 -77.1653 70.7989 25592.1
27 -11.803 -75.2145 16 27.0139 47.9341 16672.3
27 -11.803 -75.2145 17 87.2294 59.373 27921.2
27 -11.803 -75.2145 18 52.5157 72.5202 25962.4
27 -11.803 -75.2145 19 63.4564 56.3078 22962.1
28 -35.9393 78.769 0 -47.8023 -69.3798 22088.8
28 -35.9393 78.769 1 -94.3806 -46.2745 19051.3
28 -35.9393 78.769 2 53.1013 42.3615 9253.74
28 -35.9393 78.769 3 61.3862 -23.2439 19878.9
28 -35.9393 78.769 4 -16.6035 -14.9893 9164.49
28 -35.9393 78.769 5 -31.1059 39.6962 1550.04
28 -35.9393 78.769 6 21.2703 98.4995 3662.24
28 -35.9393 78.769 7 -30.1116 -6.59825 7321.53
28 -35.9393 78.769 8 -75.6969 -65.812 22484.3
28 -35.9393 78.769 9 34.4809 -69.8783 27055
28 -35.9393 78.769 10 42.5263 70.0142 6233.5
28 -35.9393 78.769 11 -42.41 89.6216 159.648
28 -35.9393 78.769 12 -78.7663 78.6736 1834.16
28 -35.9393 78.769 13 30.6963 88.5948 4536.86
28 -35.9393 78.769 14 35.6152 -65.2589 25864.1
28 -35.9393 78.769 15 -77.1653 70.7989 1763.1
28 -35.9393 78.769 16 27.0139 47.9341 4913.9
28 -35.9393 78.769 17 87.2294 59.373 15546.7
28 -35.9393 78.769 18 52.5157 72.5202 7863.34
28 -35.9393 78.769 19 63.4564 56.3078 10384
29 33.1653 -51.1814 0 -47.8023 -69.3798 6886.93
29 33.1653 -51.1814 1 -94.3806 -46.2745 16292
29 33.1653 -51.1814 2 53.1013 42.3615 9147.71
29 33.1653 -51.1814 3 61.3862 -23.2439 1576.92
29 33.1653 -51.1814 4 -16.6035 -14.9893 3786.81
29 33.1653 -51.1814 5 -31.1059 39.6962 12389.5
29 33.1653 -51.1814 6 21.2703 98.4995 22545.9
29 33.1653 -51.1814 7 -30.1116 -6.59825 5991.62
29 33.1653 -51.1814 8 -75.6969 -65.812 12065
29 33.1653 -51.1814 9 34.4809 -69.8783 351.305
29 33.1653 -51.1814 10 42.5263 70.0142 14776
29 33.1653 -51.1814 11 -42.41 89.6216 25537.1
29 33.1653 -51.1814 12 -78.7663 78.6736 29391
29 33.1653 -51.1814 13 30.6963 88.5948 19543.5
29 33.1653 -51.1814 14 35.6152 -65.2589 204.178
29 33.1653 -51.1814 15 -77.1653 70.7989 27052
29 33.1653 -51.1814 16 27.0139 47.9341 9861.72
29 33.1653 -51.1814 17 87.2294 59.373 15145.2
29 33.1653 -51.1814 18 52.5157 72.5202 15676.5
29 33.1653 -51.1814 19 63.4564 56.3078 12471.5
30 83.4531 99.8406 0 -47.8023 -69.3798 45863.5
30 83.4531 99.8406 1 -94.3806 -46.2745 52974.4
30 83.4531 99.8406 2 53.1013 42.3615 4225.08
30 83.4531 99.8406 3 61.3862 -23.2439 15636.7
30 83.4531 99.8406 4 -16.6035 -14.9893 23197.2
30 83.4531 99.8406 5 -31.1059 39.6962 16741.1
30 83.4531 99.8406 6 21.2703 98.4995 3868.49
30 83.4531 99.8406 7 -30.1116 -6.59825 24226.2
30 83.4531 99.8406 8 -75.6969 -65.812 52769.5
30 83.4531 99.8406 9 34.4809 -69.8783 31202.8
30 83.4531 99.8406 10 42.5263 70.0142 2564.62
30 83.4531 99.8406 11 -42.41 89.6216 15946
30 83.4531 99.8406 12 -78.7663 78.6736 26763.2
30 83.4531 99.8406 13 30.6963 88.5948 2909.74
30 83.4531 99.8406 14 35.6152 -65.2589 29546.3
30 83.4531 99.8406 15 -77.1653 70.7989 26641.7
30 83.4531 99.8406 16 27.0139 47.9341 5879.67
30 83.4531 99.8406 17 87.2294 59.373 1651.89
30 83.4531 99.8406 18 52.5157 72.5202 1703.52
30 83.4531 99.8406 19 63.4564 56.3078 2294.97
31 -48.1134 -14.5872 0 -47.8023 -69.3798 3002.33
31 -48.1134 -14.5872 1 -94.3806 -46.2745 3144.74
31 -48.1134 -14.5872 2 53.1013 42.3615 13487.6
31 -48.1134 -14.5872 3 61.3862 -23.2439 12065.1
31 -48.1134 -14.5872 4 -16.6035 -14.9893 993.032
31 -48.1134 -14.5872 5 -31.1059 39.6962 3235.94
31 -48.1134 -14.5872 6 21.2703 98.4995 17602.7
31 -48.1134 -14.5872 7 -30.1116 -6.59825 387.887
31 -48.1134 -14.5872 8 -75.6969 -65.812 3384.83
31 -48.1134 -14.5872 9 34.4809 -69.8783 9878.93
31 -48.1134 -14.5872 10 42.5263 70.0142 15372.9
31 -48.1134 -14.5872 11 -42.41 89.6216 10892
31 -48.1134 -14.5872 12 -78.7663 78.6736 9637.17
31 -48.1134 -14.5872 13 30.6963 88.5948 16857.5
31 -48.1134 -14.5872 14 35.6152 -65.2589 9578.1
31 -48.1134 -14.5872 15 -77.1653 70.7989 8134.79
31 -48.1134 -14.5872 16 27.0139 47.9341 9553.01
31 -48.1134 -14.5872 17 87.2294 59.373 23787.8
31 -48.1134 -14.5872 18 52.5157 72.5202 17713.9
31 -48.1134 -14.5872 19 63.4564 56.3078 17473.9
32 -35.3536 -70.6275 0 -47.8023 -69.3798 156.528
32 -35.3536 -70.6275 1 -94.3806 -46.2745 4077.26
32 -35.3536 -70.6275 2 53.1013 42.3615 20590.8
32 -35.3536 -70.6275 3 61.3862 -23.2439 11603.8
32 -35.3536 -70.6275 4 -16.6035 -14.9893 3447.18
32 -35.3536 -70.6275 5 -31.1059 39.6962 12189.4
32 -35.3536 -70.6275 6 21.2703 98.4995 31810.2
32 -35.3536 -70.6275 7 -30.1116 -6.59825 4127.23
32 -35.3536 -70.6275 8 -75.6969 -65.812 1650.77
32 -35.3536 -70.6275 9 34.4809 -69.8783 4877.42
32 -35.3536 -70.6275 10 42.5263 70.0142 25845.4
32 -35.3536 -70.6275 11 -42.41 89.6216 25729.6
32 -35.3536 -70.6275 12 -78.7663 78.6736 24175.5
32 -35.3536 -70.6275 13 30.6963 88.5948 29714.3
32 -35.3536 -70.6275 14 35.6152 -65.2589 5065.39
32 -35.3536 -70.6275 15 -77.1653 70.7989 21749.6
32 -35.3536 -70.6275 16 27.0139 47.9341 17946.6
32 -35.3536 -70.6275 17 87.2294 59.373 31926.7
32 -35.3536 -70.6275 18 52.5157 72.5202 28212.3
32 -35.3536 -70.6275 19 63.4564 56.3078 25876
33 4.16667 10.7906 0 -47.8023 -69.3798 9128.06
33 4.16667 10.7906 1 -94.3806 -46.2745 12968
33 4.16667 10.7906 2 53.1013 42.3615 3391.31
33 4.16667 10.7906 3 61.3862 -23.2439 4432.42
33 4.16667 10.7906 4 -16.6035 -14.9893 1096
33 4.16667 10.7906 5 -31.1059 39.6962 2079.69
33 4.16667 10.7906 6 21.2703 98.4995 7985.38
33 4.16667 10.7906 7 -30.1116 -6.59825 1477.37
33 4.16667 10.7906 8 -75.6969 -65.812 12246.1
33 4.16667 10.7906 9 34.4809 -69.8783 7426.42
33 4.16667 10.7906 10 42.5263 70.0142 4978.89
33 4.16667 10.7906 11 -42.41 89.6216 8383.71
33 4.16667 10.7906 12 -78.7663 78.6736 11486
33 4.16667 10.7906 13 30.6963 88.5948 6757.31
33 4.16667 10.7906 14 35.6152 -65.2589 6772.54
33 4.16667 10.7906 15 -77.1653 70.7989 10215.9
33 4.16667 10.7906 16 27.0139 47.9341 1901.63
33 4.16667 10.7906 17 87.2294 59.373 9259.66
33 4.16667 10.7906 18 52.5157 72.5202 6148.17
33 4.16667 10.7906 19 63.4564 56.3078 5587.09
34 -71.2038 77.2817 0 -47.8023 -69.3798 22057.2
34 -71.2038 77.2817 1 -94.3806 -46.2745 15803.3
34 -71.2038 77.2817 2 53.1013 42.3615 16671.2
34 -71.2038 77.2817 3 61.3862 -23.2439 27685.5
34 -71.2038 77.2817 4 -16.6035 -14.9893 11495.1
34 -71.2038 77.2817 5 -31.1059 39.6962 3020.51
34 -71.2038 77.2817 6 21.2703 98.4995 9001.65
34 -71.2038 77.2817 7 -30.1116 -6.59825 8724.41
34 -71.2038 77.2817 8 -75.6969 -65.812 20496
34 -71.2038 77.2817 9 34.4809 -69.8783 32825.3
34 -71.2038 77.2817 10 42.5263 70.0142 12987.3
34 -71.2038 77.2817 11 -42.41 89.6216 981.349
34 -71.2038 77.2817 12 -78.7663 78.6736 59.1302
34 -71.2038 77.2817 13 30.6963 88.5948 10511.6
34 -71.2038 77.2817 14 35.6152 -65.2589 31728.1
34 -71.2038 77.2817 15 -77.1653 70.7989 77.5679
34 -71.2038 77.2817 16 27.0139 47.9341 10508
34 -71.2038 77.2817 17 87.2294 59.373 25421.8
34 -71.2038 77.2817 18 52.5157 72.5202 15329.2
34 -71.2038 77.2817 19 63.4564 56.3078 18573.3
35 24.7167 -77.5866 0 -47.8023 -69.3798 5326.35
35 24.7167 -77.5866 1 -94.3806 -46.2745 15164.6
35 24.7167 -77.5866 2 53.1013 42.3615 15193.2
35 24.7167 -77.5866 3 61.3862 -23.2439 4297.78
35 24.7167 -77.5866 4 -16.6035 -14.9893 5625.78
35 24.7167 -77.5866 5 -31.1059 39.6962 16871.4
35 24.7167 -77.5866 6 21.2703 98.4995 31018.2
35 24.7167 -77.5866 7 -30.1116 -6.59825 8045.48
35 24.7167 -77.5866 8 -75.6969 -65.812 10221.5
35 24.7167 -77.5866 9 34.4809 -69.8783 154.758
35 24.7167 -77.5866 10 42.5263 70.0142 22103.2
35 24.7167 -77.5866 11 -42.41 89.6216 32464.6
35 24.7167 -77.5866 12 -78.7663 78.6736 35126
35 24.7167 -77.5866 13 30.6963 88.5948 27652
35 24.7167 -77.5866 14 35.6152 -65.2589 270.75
35 24.7167 -77.5866 15 -77.1653 70.7989 32398.2
35 24.7167 -77.5866 16 27.0139 47.9341 15760.7
35 24.7167 -77.5866 17 87.2294 59.373 22665.8
35 24.7167 -77.5866 18 52.5157 72.5202 23304.8
35 24.7167 -77.5866 19 63.4564 56.3078 19428.5
36 36.7499 -37.3596 0 -47.8023 -69.3798 8174.36
36 36.7499 -37.3596 1 -94.3806 -46.2745 17274.7
36 36.7499 -37.3596 2 53.1013 42.3615 6622.82
36 36.7499 -37.3596 3 61.3862 -23.2439 806.2
36 36.7499 -37.3596 4 -16.6035 -14.9893 3347.02
36 36.7499 -37.3596 5 -31.1059 39.6962 10542
36 36.7499 -37.3596 6 21.2703 98.4995 18697.3
36 36.7499 -37.3596 7 -30.1116 -6.59825 5416.72
36 36.7499 -37.3596 8 -75.6969 -65.812 13453.8
36 36.7499 -37.3596 9 34.4809 -69.8783 1062.61
36 36.7499 -37.3596 10 42.5263 70.0142 11562.5
36 36.7499 -37.3596 11 -42.41 89.6216 22390.5
36 36.7499 -37.3596 12 -78.7663 78.6736 26807.7
36 36.7499 -37.3596 13 30.6963 88.5948 15901.2
36 36.7499 -37.3596 14 35.6152 -65.2589 779.655
36 36.7499 -37.3596 15 -77.1653 70.7989 24674.9
36 36.7499 -37.3596 16 27.0139 47.9341 7369.81
36 36.7499 -37.3596 17 87.2294 59.373 11905.4
36 36.7499 -37.3596 18 52.5157 72.5202 12322.1
36 36.7499 -37.3596 19 63.4564 56.3078 9486.82
37 -72.0959 16.2592 0 -47.8023 -69.3798 7924.22
37 -72.0959 16.2592 1 -94.3806 -46.2745 4407.07
37 -72.0959 16.2592 2 53.1013 42.3615 16355.7
37 -72.0959 16.2592 3 61.3862 -23.2439 19378
37 -72.0959 16.2592 4 -16.6035 -14.9893 4055.88
37 -72.0959 16.2592 5 -31.1059 39.6962 2229.48
37 -72.0959 16.2592 6 21.2703 98.4995 15480.7
37 -72.0959 16.2592 7 -30.1116 -6.59825 2285.15
37 -72.0959 16.2592 8 -75.6969 -65.812 6748.65
37 -72.0959 16.2592 9 34.4809 -69.8783 18778.3
37 -72.0959 16.2592 10 42.5263 70.0142 16027.8
37 -72.0959 16.2592 11 -42.41 89.6216 6263.28
37 -72.0959 16.2592 12 -78.7663 78.6736 3940.05
37 -72.0959 16.2592 13 30.6963 88.5948 15798.7
37 -72.0959 16.2592 14 35.6152 -65.2589 18246.9
37 -72.0959 16.2592 15 -77.1653 70.7989 3000.27
37 -72.0959 16.2592 16 27.0139 47.9341 10826.1
37 -72.0959 16.2592 17 87.2294 59.373 27243.3
37 -72.0959 16.2592 18 52.5157 72.5202 18693.4
37 -72.0959 16.2592 19 63.4564 56.3078 19978.3
38 21.6647 82.9721 0 -47.8023 -69.3798 28036.8
38 21.6647 82.9721 1 -94.3806 -46.2745 30171.2
38 21.6647 82.9721 2 53.1013 42.3615 2637.48
38 21.6647 82.9721 3 61.3862 -23.2439 12859.6
38 21.6647 82.9721 4 -16.6035 -14.9893 11060.9
38 21.6647 82.9721 5 -31.1059 39.6962 4657.54
38 21.6647 82.9721 6 21.2703 98.4995 241.254
38 21.6647 82.9721 7 -30.1116 -6.59825 10703.6
38 21.6647 82.9721 8 -75.6969 -65.812 31616
38 21.6647 82.9721 9 34.4809 -69.8783 23527.5
38 21.6647 82.9721 10 42.5263 70.0142 603.114
38 21.6647 82.9721 11 -42.41 89.6216 4149.79
38 21.6647 82.9721 12 -78.7663 78.6736 10104.9
38 21.6647 82.9721 13 30.6963 88.5948 113.184
38 21.6647 82.9721 14 35.6152 -65.2589 22167.1
38 21.6647 82.9721 15 -77.1653 70.7989 9915.56
38 21.6647 82.9721 16 27.0139 47.9341 1256.28
38 21.6647 82.9721 17 87.2294 59.373 4855.65
38 21.6647 82.9721 18 52.5157 72.5202 1061.03
38 21.6647 82.9721 19 63.4564 56.3078 2457.54
39 82.394 -84.7827 0 -47.8023 -69.3798 17188.3
39 82.394 -84.7827 1 -94.3806 -46.2745 32732.1
39 82.394 -84.7827 2 53.1013 42.3615 17023.7
39 82.394 -84.7827 3 61.3862 -23.2439 4228.35
39 82.394 -84.7827 4 -16.6035 -14.9893 14671.6
39 82.394 -84.7827 5 -31.1059 39.6962 28377.2
39 82.394 -84.7827 6 21.2703 98.4995 37328.5
39 82.394 -84.7827 7 -30.1116 -6.59825 18770.3
39 82.394 -84.7827 8 -75.6969 -65.812 25352.6
39 82.394 -84.7827 9 34.4809 -69.8783 2517.81
39 82.394 -84.7827 10 42.5263 70.0142 25551.5
39 82.394 -84.7827 11 -42.41 89.6216 45992.9
39 82.394 -84.7827 12 -78.7663 78.6736 52690.6
39 82.394 -84.7827 13 30.6963 88.5948 32732.4
39 82.394 -84.7827 14 35.6152 -65.2589 2569.44
39 82.394 -84.7827 15 -77.1653 70.7989 49664.8
39 82.394 -84.7827 16 27.0139 47.9341 20680.7
39 82.394 -84.7827 17 87.2294 59.373 20804.2
39 82.394 -84.7827 18 52.5157 72.5202 25636.9
39 82.394 -84.7827 19 63.4564 56.3078 20265.2
